0.000000 4.000000 10.000000 10.049875 10.198039 10.440307 10.770329 5.656854 5.000000 4.472136 4.123106 4.000000 3.000000 2.000000 1.000000
4.000000 0.000000 6.000000 6.082763 6.324555 6.708204 7.211102 4.000000 4.123106 4.472136 5.000000 5.656854 5.000000 4.472136 4.123106
10.000000 6.000000 0.000000 1.000000 2.000000 3.000000 4.000000 7.211102 8.062258 8.944272 9.848858 10.770329 10.440307 10.198039 10.049875
10.049875 6.082763 1.000000 0.000000 1.000000 2.000000 3.000000 6.708204 7.615773 8.544003 9.486833 10.440307 10.198039 10.049875 10.000000
10.198039 6.324555 2.000000 1.000000 0.000000 1.000000 2.000000 6.324555 7.280110 8.246211 9.219544 10.198039 10.049875 10.000000 10.049875
10.440307 6.708204 3.000000 2.000000 1.000000 0.000000 1.000000 6.082763 7.071068 8.062258 9.055386 10.049875 10.000000 10.049875 10.198039
10.770329 7.211102 4.000000 3.000000 2.000000 1.000000 0.000000 6.000000 7.000000 8.000000 9.000000 10.000000 10.049875 10.198039 10.440307
5.656854 4.000000 7.211102 6.708204 6.324555 6.082763 6.000000 0.000000 1.000000 2.000000 3.000000 4.000000 4.123106 4.472136 5.000000
5.000000 4.123106 8.062258 7.615773 7.280110 7.071068 7.000000 1.000000 0.000000 1.000000 2.000000 3.000000 3.162278 3.605551 4.242640
4.472136 4.472136 8.944272 8.544003 8.246211 8.062258 8.000000 2.000000 1.000000 0.000000 1.000000 2.000000 2.236068 2.828427 3.605551
4.123106 5.000000 9.848858 9.486833 9.219544 9.055386 9.000000 3.000000 2.000000 1.000000 0.000000 1.000000 1.414214 2.236068 3.162278
4.000000 5.656854 10.770329 10.440307 10.198039 10.049875 10.000000 4.000000 3.000000 2.000000 1.000000 0.000000 1.000000 2.000000 3.000000
3.000000 5.000000 10.440307 10.198039 10.049875 10.000000 10.049875 4.123106 3.162278 2.236068 1.414214 1.000000 0.000000 1.000000 2.000000
2.000000 4.472136 10.198039 10.049875 10.000000 10.049875 10.198039 4.472136 3.605551 2.828427 2.236068 2.000000 1.000000 0.000000 1.000000
1.000000 4.123106 10.049875 10.000000 10.049875 10.198039 10.440307 5.000000 4.242640 3.605551 3.162278 3.000000 2.000000 1.000000 0.000000
